5.61408090279063
5.55338825374195
4.5967082087012
2.20380387631228
7.38010591461984
5.67290619389043
-0.0300021101168678
2.94582419958186
4.38390947913111
4.31215997543906
4.22150658749385
3.53111231820313
5.31085724507134
2.88724540908301
1.46288222457235
4.48507541274763
8.91046058526928
6.67300452882305
2.89190777630334
3.77935630561994
4.09976867685461
4.59193279235631
4.14586740182705
5.6653060374155
6.54810232559942
5.51406434922031
3.96910888236341
3.5382150247843
8.10854848100454
2.74011526306147
3.34236763806807
5.43308811381135
5.16477255900325
2.47538394183156
3.75779370476234
4.48029403412568
2.35968377161544
3.5060913459532
1.94771382460468
3.35315716461436
6.21057532805955
8.69034941361467
3.95811852297568
6.13542138028401
3.92475822714686
3.26251865557148
6.84534429587694
4.69067347134316
3.7425361156255
5.47591870654403
2.54942083754133
3.36173016143124
2.52623980812848
8.98725785733758
13.9814898831862
3.24152972743825
-1.19211683051976
3.47834458992213
7.37732811612576
4.84660352499132
5.21070495184008
5.76229139612744
4.72215275646513
7.91508041199357
5.8508036436843
5.97992288699964
8.73011763830534
6.30012609327446
7.13435228548147
3.63128425444429
11.9985872166093
5.0618809256618
5.01131867418485
6.41306420885602
7.65752417166385
7.00089282926808
3.77009200577879
4.58426197563833
2.38032366845315
6.77659935460594
5.64277464369678
6.71043576593823
6.01097009074819
3.65849844857346
6.35598719617269
5.75019335110966
5.11733861297099
2.29159177748724
5.77706195003856
1.20087741133164
3.60533677059292
8.41627659312925
4.41895013362441
5.11882708833831
4.24281898237471
6.71405410876348
3.26405673072575
6.02626535609183
4.0016950653363
5.46352226960842
3.96066628682758
6.10223232323025
6.58560675840713
6.01609056275651
9.68204334504315
5.57901644191285
4.5191715477725
3.74246858198679
5.25363070115157
2.21786396121457
3.37801668011755
6.20133741021088
7.66987049740722
1.66281409798452
3.75943204843424
5.19362254479623
4.88710069344338
5.73434709470277
4.51147495781775
4.63868054314388
3.25898093903256
4.01688398388353
3.04162386203627
3.83449610910307
3.71529619502834
4.22074549610018
8.52956320957008
6.78135357184763
4.23307243981773
4.39527074967225
4.93803633360673
3.48757683951743
2.8998199300369
4.11755414785923
4.17403634196263
3.42825027085328
4.78080907577909
2.56509141327311
2.37738774512052
8.29033119773914
5.87027730677132
5.94077830836111
5.49681536381942
4.74057234799735
2.67758636727819
4.88278235908246
7.63533126379751
1.8122432826358
4.24429423235648
5.85554499264292
5.80991226690798
4.12831500071352
4.27546563860192
6.03009936195848
4.14144272442904
3.45129371241476
7.41682336261239
4.47597666318511
5.95588738666479
3.42286221389711
2.04355886740619
9.42053717781908
7.97204195572537
2.04961691520927
6.20572457655203
3.62546839840249
6.49784326320985
7.95868189504286
5.15223553155882
2.83449101271913
5.92555161925813
4.88031225808462
5.80095878912441
4.97274897120033
3.76430836416084
7.32620738990573
4.02853694148164
7.44328107390432
2.1622234657728
8.4326674254307
4.07958307341849
4.6891832430333
6.48005683177646
3.93562881094892
8.16991357226342
6.57051972657044
4.86939881496772
7.60292966050406
4.88536154884337
6.43548340734659
4.1206759649111
3.60712508036421
5.39734082622583
1.25975866966841
3.93837218958945
5.10027263995084
2.23476247664186
7.78686672966771
5.33207647740001
0.200817512656932
8.7645205411092
5.93618090799159
1.60184094518421
4.62365430185567
3.22583251852674
2.24965322167133
3.62885056966479
0.671942395008598
2.58039454541353
4.96761852609368
4.71683509750804
8.26815009653608
3.7174331016015
4.03868004838166
3.81267826452476
3.43441790799772
4.464915112193
7.99916418830375
5.17877916752861
5.80467671516702
8.98944220399853
5.21830878799093
6.82027876473203
3.61430593039861
2.18951608368786
2.06452058319905
7.54901375838525
7.85231319389539
2.33266195995163
4.54399893792957
5.39601896745427
5.12235742551695
1.03023874529709
3.98167236787505
8.98911234645373
4.04644884188045
2.03605875391856
4.35756969102477
5.44318349937932
6.36150302594572
5.14278040681728
6.04249122158557
2.61986537054626
3.91084552176528
4.89612208982379
2.96670569300306
0.641225457187441
-0.0663263858219864
2.98533399896679
5.92400529485655
3.55300906946623
1.76486812403065
4.60204157694317
7.19184104446508
2.82799283231181
2.60169652586514
8.11617699147983
7.76492904933871
3.04965227232084
1.45528432630485
3.62843832655579
2.74663338106488
3.31953426903759
2.81103608194485
2.99761906291919
2.97509772417033
6.48654860019075
4.51129371843101
5.96264771933752
8.58701926002743
6.97093247125948
1.63097643431124
2.79387285699646
1.52626318793368
6.52308117987374
3.93612306798373
4.21348224481574
6.87473351332113
2.89872509557705
6.23469839033791
5.32192588663477
5.61161049520314
3.14962667413215
7.09055795118108
6.1696612679822
0.869288694473673
2.65248451551518
2.90952014196418
3.92156679050369
3.18577176721018
-0.0993973417515981
7.02372263644811
2.12517071304099
4.68976714169488
3.68393845215864
6.14270942795515
4.17589751545358
1.7656728270133
3.88869100856465
2.22179847412649
4.00387587673285
6.73000511109167
2.91722195664424
6.21180097301006
3.14035259153528
5.41092280042791
6.41731677089029
4.20102287576014
3.86682764001119
2.45603276606205
3.47176401609666
7.19656780400819
7.96488150066413
0.770395954661959
2.83812723208991
5.62103676744341
3.92682259069077
2.60884327667162
6.03498016696609
2.98256223852596
2.37532175438834
1.17762338408631
5.66802469489664
2.95555068273425
-0.512797306250848
7.91620211946049
4.36105738688398
3.78388251871942
3.91665883102408
3.99868934794156
6.2374559347421
4.41935429396074
10.6194691751273
5.3649275535992
4.00599703159595
4.55151780612035
2.77801995061766
5.36558639988157
4.260636189348
3.12003644272459
4.76925195673206
1.24158446927507
3.08041652733859
3.39853748010105
7.81723471566988
5.48463240126034
4.44874338281481
5.9872931880723
2.01816975018062
0.829384945962506
3.18139470761772
2.48771742659515
4.19493905628975
7.36677006668926
5.72039922898624
0.593346357341125
4.45733602213071
1.76558206161695
2.99093469642258
3.85457602380128
3.21981592811375
8.5470398385891
4.92260746761624
5.7015731264156
6.13923100706102
6.74624951536052
4.28080730414934
5.6709832815159
2.534283557619
6.56002817285771
4.19802119294447
5.35806944017705
6.22185798641906
4.5578485038856
4.64338143104777
6.25426124414616
8.94111225695232
-0.0209822422848958
-0.909155599529979
2.14471037890475
3.98698730329877
4.55583381406759
7.63662452240015
2.68541553210432
4.07998843132766
1.03824149263014
5.10156874530299
0.370293485415947
4.91828454604194
2.93316671522827
3.04752239344328
6.01566960886486
6.7370347926823
6.16156582827209
8.0322026881799
4.41662018811615
5.49239200957374
3.40060866999441
3.89957692862824
7.38070188003564
5.83903215201825
5.9627613987004
3.94887575067958
5.76008174390165
2.38095535353253
4.08897876847984
3.45487343284237
6.50164978043123
1.26654493559431
6.27804592083559
3.67156451822568
3.63835453295769
0.738055962683502
5.61607913536264
3.4398861409411
-0.00568496251389399
4.43151936187038
5.8491490552511
3.75284429016107
5.59227271422702
7.61792382153248
5.26511488305875
5.76448252423756
4.04485550571768
3.89881392315987
3.98212985864659
7.96706312029186
4.65741390743892
2.88642623944393
1.75006678330047
3.2678466798938
3.24036645330569
6.05864839601899
7.40889480551814
4.32558250324594
6.87636343828459
2.82124528135303
6.959257803594
2.12123506488097
5.09061485210303
5.14892380347239
6.17321007291557
3.77650187966311
7.95619918644782
3.69346236848592
0.133604082634849
3.3792125285302
1.04639281520687
4.4982326983058
3.39669264236401
4.68276220394743
5.43451346811517
3.62659894440966
7.77728860679114
5.0309425208174
4.90206369416312
3.96612737858959
3.00920215583059
3.31197214040609
8.70066268683828
1.83124730481145
9.59746836700255
4.99776804402751
6.65499450078061
4.2782938091766
3.52898376210274
3.24740774083169
4.36596794006347
3.59194511674666
0.677949050266491
6.39719454241982
3.94785370071787
4.80543175315517
1.77378886658203
0.70464579417983
5.85483789620169
4.42821659168444
6.83056796324505
1.62392439419239
6.2941262646262
8.46753652816559
3.21276178206512
1.37189147175304
8.55089132589665
3.74120193671282
6.33509757775507
5.62670053027552
9.20710674114363
4.7373626071884
2.78986328561156
5.67933659022099
3.56692085847616
4.7546326798224
4.50459206006851
5.11985567313539
9.11607662426276
7.14583797069568
4.54095838654501
1.76705931254478
3.66318301973491
5.3069508014672
6.42332429277675
3.76576175760908
4.78927588111556
7.87668768841744
5.74176159148763
5.697230276993
0.300572236675551
8.33722673270533
4.37306227073761
0.493164852244691
1.92993623127637
6.7419858081797
5.28049596903918
4.44010354641432
5.78452577996684
1.07067256321008
2.6691198790011
6.72277562274688
6.2114683188732
2.41351609321195
5.68426863343791
6.95388575493622
4.53242689573948
4.77518097383845
3.58521010125105
2.32089870016683
4.20640757490192
6.72481338765218
5.25942257917882
6.01621723962225
9.06902519642786
4.39717405538078
5.05169359192382
4.99625009863458
6.00989434354721
6.08869779652812
7.50887707955621
2.5388968539907
0.974598388211428
2.25179526431558
4.65444394573212
4.12051755450068
8.01841283534757
3.87933509826588
7.43525480999421
4.60039958842846
2.94155210601315
2.91636785056849
4.52321025221761
5.29230680668913
3.29949167602009
8.55926319581599
5.90665767471403
6.61914996963071
0.690932476704113
4.6760835848043
5.78519729662598
4.64002468165738
3.01079573805793
4.89096696727968
3.43776249896525
4.49754573259796
7.45773162645904
6.97635924648578
4.26380296954014
5.50967140220317
2.0063752420666
4.38732807379282
4.50285618661226
1.97719323014214
1.71412837450519
4.59870729043411
7.47604086156578
8.00616550085586
2.26259342514122
8.46809511685354
4.58000038710736
7.49778588097187
1.63005534312722
1.92080438686323
5.29791744079758
5.02070543906577
7.68181404560445
-0.95182737486342
5.39740702092463
7.4495106365825
7.12013673435194
7.12304067804455
6.62723005590504
3.90201448782654
8.03362139409611
4.75400818471079
1.25170704561759
2.57327341724071
0.950283526106806
2.28983961072893
5.25240326662922
3.69616087384487
4.77745642206583
5.42629168652999
5.20420612594365
2.92496249672567
5.94420780206813
3.92361841624859
2.28438726861047
4.31361175239144
3.60148218564278
5.36947477340618
4.58064120056947
7.02983372324617
5.54066161003914
5.95727361449478
6.78939273411028
3.76375037620987
6.79926171310521
4.72144974102106
1.626540460282
4.63084687766209
4.85816620787793
1.97538882176732
1.45341233918309
4.74009046307329
6.43798644024174
3.9435494936397
5.67996243735052
4.37763654288778
7.95883523287471
1.47165238446762
4.17451755592684
6.3473638597944
6.50792382116024
5.84517468957528
5.1773149390589
3.21916513266543
6.36073698600282
4.77941020182232
5.58900065918098
3.05391607195167
5.53298735692705
3.32513049253421
6.35516707105105
6.09546254859941
5.96186426913471
5.40060410597621
7.00430969815284
4.42098636478039
6.43685937028165
6.31033518584271
3.13956611493048
4.98570971260905
7.69208670719525
3.25478917622881
4.35610057417376
0.749857021097451
4.21035537439029
5.6864921559358
-1.11085512608445
3.23958375837603
0.429193020282802
3.45254369707282
3.25149264401323
6.89349163926416
5.28509955181607
3.07037079468057
7.28244276367563
4.30068859651099
2.97663727129764
6.18531862298709
7.37727875162039
3.8857605168813
5.82893878094877
2.88057159164195
3.75953172400068
1.08036180321645
7.94518307825102
1.65903135914806
6.41009412535722
4.24472510363039
5.26549236792144
5.06672876896956
4.81290645518238
7.69414818410182
4.88901894529595
3.32509180407215
5.2374825558413
2.48573604181761
4.03572025900303
4.83634751091818
3.46239914120399
6.67132652663955
7.49086527934055
7.60512292931173
6.03043515584137
7.40950854674899
5.13209700223427
3.37221645508034
2.69662576139894
1.68371705723635
3.45044854140819
5.9444611601593
8.10220606700397
-0.0384120796875296
3.13667325991714
5.18998998756863
6.67799306165887
6.46767058555266
7.17340171195306
4.68169615987806
4.51608755432473
3.3128329943614
6.698785135702
2.77242320946571
2.57962233063067
3.29817841137981
6.16899899004752
0.414508925442223
1.20469507333141
2.85490723202052
6.5234901179866
5.68489559653432
7.60830757321742
6.83068405562738
5.99101784911355
2.98096106927966
0.789132292555947
2.19522916481314
7.74873774244113
4.05277397726724
5.99557025376731
5.65094865546434
8.84453250670408
4.86300514527033
2.14208326560461
2.93885149858767
3.80114386256112
3.9911720503863
8.79145644193644
-1.60229377991158
5.74656172157757
0.047620531008831
5.18633381431294
3.08100137311214
8.9931883079414
11.0001801490786
3.73366709277561
7.89654264517714
5.1680365233833
3.49569669497676
6.70633690390535
7.4143893799561
6.5519036484906
4.52369397728531
4.22108312734104
6.94662600583901
2.67000213810358
3.29704997199959
5.42410773103988
5.71258787142385
5.01228939750036
4.64460497559991
6.30359725954415
1.12131218608093
4.64452508239321
3.59720931105538
3.47247903161503
5.49191461412664
4.12076884541134
5.92564585889257
3.99133521656108
2.7782825154604
6.6262947175313
6.94562033656894
5.44105991364608
4.81990621816399
6.53673722603792
7.17703637564911
2.56326188082214
3.20154610767044
7.79557498820337
-0.427321536110907
2.80737141498982
4.52533739434315
3.41436254176431
2.56181990391009
4.55938671685195
3.87903822018759
5.89643541962029
7.46575226211547
2.47763723878339
8.10011423231035
7.40821245446904
2.84722965513575
5.00710469697849
4.90787657058463
3.8791527927126
6.86243869532675
3.79364480113492
1.15712543426324
11.1646826742736
2.96706617319243
4.73534914718334
4.2088339094386
3.53451779039767
7.4365811400445
8.54598380087572
9.54890135311858
4.03468314377312
6.47912511709663
7.47575603237145
4.90383430093912
2.28514397796307
3.85751610227449
6.17169266841242
4.98249121848471
5.23479484767505
6.62036683084664
4.62877214817785
9.50892334295088
5.72632439689747
7.07414617473286
3.94091631103765
2.98458319864501
5.37129057935882
6.17951815337654
4.06847166397514
2.7003019346431
7.57737803814526
0.0587816075841913
5.54609668209402
2.74300638216182
5.68254096820579
1.88193822390586
6.01050023459596
3.89095501761208
2.83938295726605
5.5964562269587
5.22102492604689
1.11368435801875
6.30885185868336
6.92246216121035
1.40948823566925
2.67825255404963
0.875831477307452
2.51836950594443
4.1408438180972
4.39156190964868
6.62253265615634
3.585024138642
3.13437230394034
4.70908215315838
3.89227193251506
6.77830025049074
4.37023292881602
6.6094989443529
5.6600106222437
3.22898677153378
4.92707474658693
2.46108021773203
6.70823830969538
4.3000834467587
7.27349618318881
6.32399201969437
5.30320082546455
5.41147018394876
4.99872652571213
2.21739401225714
5.15917515558595
6.47555246276372
7.56514885745073
0.281010406281094
-0.453214581102911
2.67194246487326
4.30876312336131
4.89345874490998
3.43837009332442
4.30704264207808
2.7234986892719
0.357275542515363
4.96780638460756
4.33348175854733
5.03866906465437
4.95848050026687
2.02955085048949
6.69415225835951
6.06058009293278
1.30579450728985
4.6528724139194
4.75832346676829
3.37772425537207
4.02688700836486
1.87538691362208
3.65011829015858
2.99273402227008
4.4576180140785
4.09021813468356
-0.573246060104383
6.0924824160626
3.07848962573886
2.0737442851326
3.39982082995499
4.33177108806578
6.62453824881626
3.51866786794468
4.82736633039662
5.19409724670155
2.68846687377503
5.38146175255358
-1.15936851587431
6.16712252489789
6.30518646843776
3.27994260358297
4.98120336696323
7.95102976923382
-0.292908435106046
5.9803017792973
5.68172893743084
1.99645267987965
3.75493707712906
5.56963901112733
3.8702676625562
3.73484539032047
4.21576014186961
4.8865669477596
6.60885345941466
5.19282459788406
2.82522812587607
4.62560619535435
4.47543007168454
3.67069889979785
7.25734617978339
8.47264644045956
5.97788424000088
10.6172675774049
2.96624102829569
6.18365225117395
5.12218250920948
4.61514389576667
3.65973173958548
5.71361361162878
1.52994571137624
2.34126595465185
3.97833746759706
4.33645440062459
5.55303735141121
1.81216831399254
2.74770456596791
4.45819302939019
6.15020983253727
8.62302154852674
3.9214354733677
-0.1207079653485
3.83132182182212
7.19317118981537
5.41678064858944
3.44592061925465
2.3914853751668
5.08827931972963
2.29774259797968
9.79024162823247
3.80744179544747
7.72495458617862
4.70340860697979
5.10762625115784
6.43282653458508
0.288937773379167
2.30381783001693
2.93556274103711
2.49655694733948
2.14295918396914
4.58694685800115
6.41121681387867
0.760575672256734
10.9112844859456
4.79850972836823
5.31861100852938
6.47832579159068
3.00610222552933
0.353465033542742
3.6264866310052
1.89938379419626
5.12876722018029
3.40810413405236
5.02472141861751
5.249432488678
2.46558666190408
1.51360845875498
1.50553433906877
7.06756309426431
2.70456595369913
2.5874107007879
7.60384687607711
6.72045860505897
1.92858657425946
6.75162111406779
5.07211346895755
2.75298253666504
4.37770772835552
3.2021798620485
3.37063173876471
4.54823111514534
2.56015722319337
8.03081497809431
7.28216608545802
1.90979673775195
3.9345858265164
1.9302237224707
4.22769102731997
6.19498453247921
2.18495573838878
0.616463174338209
7.06618806409896
6.51590746756841
4.34355242847962
6.14236108377076
6.38257794973604
5.96777977942298
3.27027040070562
3.50063482598233
4.47829317723248
2.47604115243051
5.57626857330499
3.63663541030124
6.32841934425758
3.53532983822075
5.40777797764234
3.7429318117973
5.50894626694175
6.62177816182149
2.89623836930469
5.81740438486601
7.17403933819143
1.31039701527961
3.7603866710835
7.30985430427545
4.91861003281998
8.45369534002627
3.72797071285101
2.70960729626201
2.42579375033137
0.560332805951701
7.3772260710205
3.89528827154415
6.72739027148688
3.68413136711119
4.73568110249556
0.429906862422334
5.84409816130462
4.65648051353774
5.39802683766955
5.3952417793737
5.23292682085861
4.53456347595738
2.83342033253925
3.95839075211743
1.02705974345354
-0.652084779692143
0.358047886069486
4.86192567172755
4.80212272711628
4.31691362745298
7.47533200909993
6.30212821276412
2.14349654579739
4.14162173116985
3.87363735245096
3.6508505779136
3.09651515038843
2.75728917126949
0.695658023271266
4.87284599648258
5.60269083985898
2.69276758387828
3.98830351481281
4.87139280349045
5.85313787578005
4.92182958259329
1.08133998246808
6.41436142969832
3.32085023010698
1.18294500147587
0.438955638082876
2.44444631842515
4.53145632798423
5.76177293589511
2.99750003650772
2.52476693349226
2.46900178267488
5.63217121887415
5.1192922805902
2.01346810614945
6.58422923042941
8.83691822329088
3.67621914188143
5.21877857261788
4.24158165786478
5.0682224705302
5.6760304960656
3.88876326350984
6.58505325128939
5.70079347265592
9.95488726667721
4.33888139589067
4.90822510968933
3.86684513279055
-1.36499335903378
8.65537828631826
6.72430586221745
5.2655347966372
1.27189644795858
3.7501411064045
4.66930863943332
3.40564939030217
3.96278561648225
3.97429945283158
3.41863352216966
3.44612092076497
7.4505424479354
5.39496550219397
3.36165564146775
3.01040482102858
1.28033495411339
6.45492296235082
0.940975238591054
3.08787663945816
6.40849672800294
0.848064459768607
4.74933228095069
7.517244189091
4.26676253604436
3.00905931135971
1.36232672910362
1.31874047846417
2.10130913187626
5.85379564745561
6.35485583930515
4.30599608474179
7.77669596613752
3.91920540831951
4.59244020789268
0.742110637624561
3.95454619404621
4.60621485968115
7.69472563904223
5.65363047331071
2.22907173958336
6.25956880130381
4.46190190029019
4.23555245670053
8.34379239898912
6.73689874638769
5.06639689418497
5.94871394730257
5.95940215858921
4.82806496101457
3.24217388679655
2.93450430928841
5.58622638359817
2.70625568324181
8.02695195858776
6.26431506941845
10.0736317245959
0.710327427124836
5.88918752396852
7.36708086347163
3.26523212339335
1.07616861094313
5.46448103386409
7.51872906128136
5.68508681620244
5.27089576640068
1.56040022924017
4.85192850978401
5.56894202412446
3.2027114747216
1.12314305371323
4.39111082515136
4.82296216258078
2.45402580326615
5.79859570529462
3.70708262716611
5.62585358112819
1.97138829213441
2.50959518111967
7.93480013680158
2.0440780923934
3.53990071523551
4.50791495396763
4.94396430096416
6.76550950414629
4.13411989349074
4.48966427131513
6.08168970917121
5.40141905848957
0.557949735232305
5.59980805954407
6.19364031908468
6.33463063967665
4.30028217259596
4.61666770801282
3.84848907835535
2.25757920874569
5.26925172107364
5.57576993231935
1.84015570215839
2.67902521446045
3.58778644278076
3.80027835809403
4.99269600874597
2.83302596592675
4.68327800601866
4.52350362274304
9.26495225511654
5.53675130064558
2.23703944711706
3.86216167929972
5.73224135112651
6.8558739083992
3.90130294238646
6.40142270940634
6.92785301255679
5.0708036855492
2.48081225826532
8.97336073351737
5.24246298607018
5.58309634323394
1.57531239525855
2.86589887218567
2.65985013000898
3.25566916000752
5.36954414222687
8.77359296817975
3.44522887415764
0.940604201076469
0.0684297880887175
9.42528791423614
4.1305100770586
5.17117039113987
4.98348886548441
5.03278343893642
3.38468578261167
1.36290084699979
4.76677876141104
4.04447781368467
-0.0225966537859922
3.97924717011285
1.98590709532925
4.05803878331946
6.15499890539413
4.47623063270073
3.64183806026757
6.18482187223256
6.21237176997939
3.54054585692
1.72207629642419
6.54881039626138
4.6783082259621
8.92401218967506
0.994598725105852
5.61503219791439
5.62508278705085
5.92844121465319
3.51661263574489
3.67126202220005
3.38558047719693
3.11460470634007
2.51383193877136
2.78316892438524
2.33194390898937
6.35337259187113
3.32337166951193
3.5881388468983
2.93595037989468
5.60926717709394
4.19280335640604
7.03924923459263
4.08045052488435
4.80643760601452
1.74746223225751
4.69679934376231
4.16402836389183
4.54954504316813
3.61135887298829
2.29338387518681
6.39447279056587
1.64271539677278
2.88862711146779
3.22356763415029
1.95878720819063
6.09033178240602
2.46294790619374
0.938318430279401
4.31708384742036
4.38849948165273
5.88474741218188
1.28330411010593
3.33776708669856
5.1173970229768
1.38873213950912
2.69899104645308
6.65425009581465
4.21573396367297
6.07498252968911
4.13700668244845
6.31109092034106
6.55956859290489
3.45969523624834
4.17929577287952
2.88620473247168
6.50802748176868
4.75562484229322
1.24005268780002
2.24884394263211
6.00224600291855
4.01387401587278
6.72616778606289
2.32127605002529
4.47469701656249
1.83208142034017
3.17095193158909
2.24509088614132
3.9480174392242
6.41964673346106
2.98701044054548
1.53638058291005
2.60145339691678
3.83339538708146
6.63168330976094
3.41187294471781
1.2676756747463
5.11736918548063
4.40957863387177
2.14691944376984
-1.25174769905005
7.22073125215909
5.78477732723987
6.18932506253454
-0.474126232304268
3.89270407121714
3.25119542820858
3.61198722675015
5.31990625356226
6.69748663816634
4.08759248249701
6.40028303788233
3.96529634231177
4.72857668809568
8.71005508636076
5.8140322424825
4.82018092626515
2.29774686419781
3.91285348382406
7.07603070586533
1.41307740893093
0.64011697664846
5.41936446268142
2.04672889039851
5.62806006868883
6.03578360583706
6.84322364432006
5.25322457945813
5.62972569323576
4.78489781286391
9.91455156050838
3.33638114266628
5.2235455084236
7.68900477256975
6.91978015715328
4.84114700039351
2.12983085044698
-0.273086136825755
4.38788968089765
2.45742685797417
2.55967023372116
3.15512915009625
4.06840714544885
5.55307502038941
4.4991604057687
5.61135609365201
4.46339330941241
4.45523292299831
4.79578541932669
5.49578844276934
3.21385489001941
4.82626227578214
2.56217811977415
5.54623057211024
2.91197358725099
3.18325208457425
-0.594082436404325
7.49885353062028
6.39916673526799
4.89479573235334
6.81876968910544
3.14156676106297
8.27235022588262
4.76518608875165
8.68910551830291
9.26313173949126
5.07210784708855
4.48645193559167
5.20369241405961
6.23398887837031
5.94291391640578
3.7075996111902
3.61726435373012
7.5745964295005
6.0285306024954
4.66516901174638
6.83515205797792
5.19086298395018
2.00892789892086
9.04013133730372
3.90152444493132
7.44834377457776
-1.23242509971369
4.90944178964519
6.5029293121398
7.36050967755639
5.60362904310191
10.7989213325168
-0.529872543434101
-1.04331290265146
-1.4104425112875
1.94265187897772
5.84698772816737
7.82015634377781
1.62917082297457
8.16497633318507
3.82204591635398
8.37927717611523
1.18473837746104
6.14033384647331
6.02085950947777
5.2580480734896
6.1926179862702
3.54090224350849
3.51129089452686
2.19574032072108
7.07950664457421
3.42517463547459
3.99347580485642
2.04698648097391
3.73010044965908
3.31334670000039
6.16737973074405
4.64549077611726
4.87352891102277
4.00293380768072
5.42760013353021
3.87154090377807
4.26277180094832
5.17677362361147
1.59948278239689
7.80573374707937
6.69688674018096
3.50261007200149
4.90575525760166
2.73997526626544
6.17613219456986
1.57700029374599
8.12989833482205
3.20785552753606
6.38435443236313
-1.84489878487506
3.13430527069235
3.02769022117824
-1.2222763695492
4.38960816084131
2.20451311015164
2.0925242297225
4.35036978062687
7.5781699861294
6.05322099037313
5.11307549172538
3.58451381544223
3.27395413252943
4.14557494296124
4.02591201607884
5.57315208819643
6.05212388771937
2.72835127241543
5.11222726889906
2.99870708904128
8.10470219814025
3.15556703559213
6.73397462960596
1.88154050063523
1.304821769073
4.50572106570247
4.00270536799419
5.72884639001788
5.21872834179863
4.10981614729037
3.35082928282102
5.11086783287055
4.70054001876438
3.65225949817679
4.3804329176795
3.4656609188292
5.10636502168597
2.9107276353838
6.95485503120947
4.53638362775049
6.18809416968456
4.828713883004
10.2144779739191
2.4088185735
7.66731444661061
2.92148946649213
6.75939571817536
4.22826240736859
4.75317577132353
4.19564459394145
2.68359164830408
5.58480347031725
9.61818645370896
4.11731255350462
5.06684125081332
3.97931072505659
3.4686984378431
0.0172671725940545
2.89273068669118
3.24794560654806
1.01157100927461
3.82334263950074
4.07184427359479
4.94290771994931
3.22351455768065
4.14757729541264
3.92569059493438
4.87410771971209
5.81438808553807
4.33415429078755
2.47699032146701
5.97656786328235
2.40309044351631
1.91223214589782
2.87425506542193
3.8055151793874
4.34924449620068
2.57631635862216
6.56795430876377
3.89479788660486
1.35812446055264
1.6704224026182
2.6701371784924
7.12416612957626
5.14974931378134
6.97376174054712
5.55490472941739
7.71376115651988
6.37679512873929
6.3202118917278
7.90164701637445
6.63884685697744
2.84707948857547
1.65914046647801
1.13535324308007
7.40622127246823
3.92939282735277
2.64358818397354
4.27084149800991
4.41635466290751
3.52995428433519
5.73907792405633
4.08904682802182
3.5936508493493
2.36973436894057
0.291878702469791
3.51409550804432
1.75975476212834
2.65445737712156
4.44930894711081
5.16315202651995
3.50545749722535
3.4798001322798
5.98994965420647
5.46934004954173
5.30340045592145
3.91250969604538
7.20077387322899
2.42861892039104
5.42300836603237
2.22811807622262
2.58739043787971
7.15645714955493
9.06907121559397
5.05305161099412
8.29206051311226
7.11295947320928
7.9209489252624
4.42649934611512
5.87023369419461
6.2596901703493
3.36788132513153
4.76195326960073
3.06921013299676
3.96456654700021
3.74829769580029
4.98914451634444
2.03816389188933
1.63157041298489
4.72232430107239
4.62117346773521
3.20169888980135
0.432599705835952
1.74917994504471
2.19599812960899
4.97793695254205
3.50055062762642
4.94168588460929
2.43905290774802
6.03648006076766
4.97884523398811
4.28701376788833
5.6226514631471
6.5386756433899
5.03845203817369
1.97717737425665
7.71702573796018
6.29448838663783
4.17511061549822
3.7817779339311
1.94702439932947
3.52990069872238
6.9417098320061
2.36107161394108
7.28652530484458
9.20239888628651
6.8057028083775
5.12132189383155
7.67295660508315
2.52450505141571
4.89950262693366
4.67838363392706
3.49360776162765
4.94623722859737
7.4150547759854
2.80302182187716
3.70594556451706
4.83973087235192
4.58712699267358
-0.791186124031102
2.86167922380417
7.38153317016769
9.92194758021578
5.74340286783285
3.5676277817047
4.29103707741171
2.34768572773326
2.21687233891519
5.8303542873213
5.59357375273575
4.31461329930639
5.72639391875256
4.89308026214776
6.25336979182323
5.77172540618174
4.43357681046214
3.94170699166574
2.73660599918182
4.71655888190073
2.54144006763125
6.89203043090681
3.12593301396711
3.06741556842937
4.58329004369138
2.64501053868298
2.84320617181811
9.31993005651491
5.44618371029301
3.77125343989701
9.05759608633121
3.57794305395193
3.70033162651289
7.86037922943356
5.65786951924517
6.63915373215947
4.33274832797343
1.25457867144615
7.81941330873208
5.10037832997243
7.96653510954144
3.79851803805845
6.99865247220066
7.32903178205307
4.88347049016375
3.61868465749546
5.67393613763455
3.83947783840045
6.56555156167909
4.79642709848181
-0.211245482651218
9.94784467950261
5.09519984164228
12.8338016573139
5.67373049353522
1.56317904243773
5.88567935072418
5.23908504095698
5.62602984005036
4.51106045866204
1.76863173480379
12.0664615704162
5.04385028710516
4.33886891454765
6.78256522379041
6.6404399242382
8.78857732731283
4.86542750944438
3.46100686880439
5.73951685013862
7.66880091961713
1.96274379792816
3.65824630224818
4.61116094888717
5.68373676112587
2.99420790735362
5.34638256744872
5.09592802384321
3.39914644287845
4.28435888703292
2.01124796518298
-0.236570055773307
3.35331753307072
0.658153354869312
0.376967691047344
5.22133338599342
2.52415311460038
1.25825535364573
2.81414612213237
4.29832666603416
2.15762635677322
6.36421415468425
2.70124070717603
6.52513226330694
3.01063024599702
5.9885461377743
7.43211949291038
2.52091700501269
4.85298613672954
5.74306451544404
3.11637650599915
6.76495464311968
-0.718568468166881
6.6086216891409
-0.722117377055108
6.32692541475489
1.73381533699722
3.06580591270838
5.8241502498815
7.47420947153213
4.86523535342068
2.73491512401941
5.70436916342511
3.64151116806893
3.47591299710015
3.27967772096948
4.56637086674577
0.668720094594293
5.01765330825719
4.97659261458834
6.34650147941675
7.25104105547712
3.47588418253491
3.84403935536048
4.37348270722839
3.46536956702893
2.99186934113592
1.59243638913119
6.02938079104669
9.73332689825671
4.27831404256974
1.61201858335863
2.97580296528992
3.5876175622175
4.47215605297885
3.21016651456
4.1964133352806
6.04628810724086
1.75963463317239
5.3005856188503
2.65473712059933
5.35181799622567
2.45910421848864
3.73077548083381
6.12503025854691
7.56516393220251
5.32506582844218
4.43929802942439
3.50065155281647
4.25405723215133
4.91943446810757
2.18470437961505
2.67185884892603
6.26528423632823
2.60198430122321
2.36457485648406
4.37105704413708
0.441477382967661
4.84228775255988
4.04073224658774
7.35703630433108
3.35224817493339
3.68612032792757
3.48969723204667
1.89713299432769
3.53783612479492
6.69716045430439
4.98191690066789
5.60031426349437
6.4791356924253
1.46998001252731
2.63497161580477
1.35857859241339
5.54135365279554
2.51429883111987
4.01347554744773
4.91233058442247
1.45123106830023
4.08975114607975
5.771010979908
1.68148904859717
7.38635085457395
0.0279192893260292
7.59839963032827
2.29410143693297
5.65212355101784
3.91188998933335
6.89257318649883
3.900485914817
3.03805028952908
2.49003214350335
2.09937876781689
4.46309495952748
4.18505898801391
5.91563244555043
7.14876529993128
3.79918335403671
4.48442754200234
7.66967207123758
6.15088913811752
3.31299611016094
-0.162288804936944
6.98177410180337
2.15969482262659
4.04964368150752
5.1789295204251
6.76259649413655
4.8241475040205
6.02597332921299
2.11859228775033
10.6886292536525
7.31090313950036
5.68282787230441
3.94980090053941
8.39395671927062
2.59712953972809
4.86373866475525
3.68609280267039
3.46284025572948
0.603136987745504
-1.0622889738006
3.1168516644554
5.28810703069897
5.84987779450615
1.53928367127568
8.10527000109163
5.50550603067609
6.07866280860813
3.59199583376606
4.36911888589948
7.285577791399
-0.996821216116948
5.4391679617214
3.34756644002702
7.15078330953631
5.88121859309402
3.85454975945072
4.59553008133669
1.13626224958963
5.19625799665254
4.67990128816329
7.62846119214203
3.90326033441356
3.15524696177007
3.41650287421191
5.25925809997743
2.91534463358145
5.67680585608457
0.285783956688091
3.1750317896391
6.97941050469811
5.24992853010881
3.85013461505541
4.23129508377522
3.93821332780943
3.16957877654186
7.48759944930654
2.19956519364044
5.02984572027375
6.04953845057583
5.95874539745218
7.34793380936005
4.33466997229979
11.6726075938172
2.2971151555337
3.25915351112064
5.24588946066346
2.04297476459315
3.88099213215653
4.79674557457483
5.9725737901566
5.3888729406344
1.44410613744394
4.56515848980806
7.76860926766814
3.4840637065078
6.68470491959868
5.52631050184582
4.75012123260603
2.69023133537197
4.1828547831153
5.34064998900975
5.53608382187401
1.50261094729103
3.48109043803494
5.84309320367066
1.23539904224158
1.2776926070068
7.29100652902574
4.123283353776
9.56185713682894
3.10092395698813
2.78648999619191
4.83398758770242
1.07712330487062
0.234345316331508
4.18614466005304
5.01659648430356
5.0563578250206
2.89203969262067
3.88362647550569
3.86056599090305
6.58600117255781
6.29125405547768
4.04794622199318
6.3714668494787
4.26133720101019
2.93927741142272
4.26486428316806
4.78441747692211
5.88016260981104
5.13138852892987
1.72776579195981
4.67815875515151
2.56722346748991
5.01525888853796
6.33753835709586
3.39392179701785
5.18320994488296
2.33462688523841
5.95630756023197
2.31255162553068
3.96922199288131
3.80901303132868
4.1659808174675
3.5839597404495
9.50548795485101
2.24251300727631
4.87154281664338
4.24351251074941
6.10876513422862
8.04533300893319
5.70392187434353
7.20527906999353
9.30867878181828
3.3913377693787
5.15209785970653
3.39112379036774
4.5605696241164
4.07862580117259
3.12598237374736
4.97561734712766
4.90614141278398
3.95085219945142
1.62131214415067
5.86390666070726
2.41134419568942
4.94842267264192
9.67982596627327
5.71225712500526
4.56307322481883
3.43784934315848
6.65138401662219
2.37044929972043
6.69021997046433
4.79425776512143
4.42090897582135
5.9269318136695
7.84163167562748
5.84676609965094
5.51289021384513
3.21388605957749
1.92785256727928
2.52361681952305
1.43089341487486
3.17516266277001
7.55862595474402
4.8329479750872
4.3193721813445
3.11020219749647
2.1339478974343
1.58107322090011
5.71588646707868
1.1339725526348
2.3367827460578
3.85473303807111
3.72345965844604
5.13600913051662
3.61654452964045
3.01244580684842
5.95846796331825
6.92522941486553
4.3850571605614
2.24211408968769
3.55283905177388
8.63696464999976
4.4135924556272
4.50728277294279
4.78866996990675
1.39779532578306
8.57831642829741
7.37627689064783
2.08739638350323
3.38758808699146
3.09754381666561
4.90088908850334
6.51891515798315
4.83481820735464
3.08369808841325
5.76050628521057
6.06565933597255
6.62260041825081
3.52798259676993
6.02784293599115
5.2914072258276
8.08809875415302
3.28566690681437
3.75132905340083
5.58627653150801
4.47594210965868
1.56111050757487
3.45163517212283
5.14391877333106
8.51741440505253
3.35471193773398
2.71588436273388
9.98741895514353
1.30437194035664
7.50558746413804
2.05034008117284
4.59130552264034
5.64539179946147
3.70254969106341
5.4394842905383
3.09924455235582
4.23178434145868
6.45295822689955
4.22296131455747
4.56721224816433
1.38152483643561
6.53231795506361
9.30524321793062
7.98330555602687
5.81721255499703
8.4168916200427
3.53812061745715
7.91633056864667
-0.0357506486916038
7.14170072317709
0.723938679378291
9.80477797038627
5.0936005144037
9.09520009779921
11.0573999222983
5.11237640288079
0.7722993796283
5.02691506000852
2.98336824105199
4.29565509736382
4.96518207502765
7.05666358831085
4.71877851125489
4.14925863871554
4.28039658338523
2.78287227171533
4.47487995869373
6.96787618783689
5.35230699733389
0.795436231872438
5.34674884892167
-0.655266257061616
4.60574116597604
5.08696386317953
5.91665057695543
0.886458339870713
4.40396790881817
3.99803266876307
4.30943049370542
3.05713375921894
1.46217237856169
-0.285972945362439
5.61835052218587
3.59904146542716
5.24319420089389
8.16176058644985
4.43511074839112
4.17739556711226
6.15988470671381
4.75450603930155
3.57334916111479
3.77898994837622
6.03703730337703
3.75899119593724
5.3434511475929
3.36608516535578
3.13507973082248
5.03967419269681
1.70830498460285
4.55155206215217
5.34677067627298
3.07646189394799
5.12906555083599
2.42024157972296
5.62536119443363
5.84372099899088
3.690700015197
7.3116941334907
0.276735981978533
7.21482519189123
3.34622493947962
6.47105815988768
5.56499643493084
4.56626080483517
1.95044163499643
4.18978824933453
4.96608712335948
2.87386584170145
2.39612619356407
8.17946242287578
4.46359767426398
7.83511958586897
3.62834530235495
1.34166158504702
4.38021035756692
6.82860369219135
0.807381800272762
5.504723759465
2.1226946057223
6.58129292571547
11.5848537151233
6.79439609282442
5.51195497325143
7.07311137132805
2.57121061567323
2.41007809236508
6.16648185842408
5.570166425483
7.55415415353252
3.57184730177415
2.71834515248402
9.15898278962357
4.29890990841329
6.25199960052783
2.09107930349346
7.36560558065975
3.32140686812087
3.53928790273258
1.29370675052328
3.98911751506598
4.73967485373473
4.4205370177874
4.06613162405595
1.67896843581828
6.08180980571463
4.78804749491534
4.0799418774868
2.99463173083667
3.07909238384825
6.70569516853696
4.26587632282075
6.04024356141925
3.23908075973882
2.35522322956234
8.06832106318097
4.46950758283892
3.7104889872578
4.08871864668797
7.04401776041926
2.14043324630998
4.29745500672233
5.98391815876106
5.8266784782807
3.13114077844273
4.26239558863977
5.04412862479419
3.92513272871494
4.01467682763847
6.9429730595715
4.65972840975184
6.37016347369731
4.08922736931861
6.60981678907587
3.57877233472972
5.87504222236162
6.16553123565318
2.75995564504876
5.41278982579044
6.52316762421301
3.24348847521129
3.71163658924068
6.68203474907851
3.35506238065497
4.29666267498674
7.39277215925889
2.22467093603972
2.95058999754429
8.52831424762092
2.44179082546273
4.81711699916978
5.85359100926944
7.29580862936643
4.16160643776979
5.3103513497289
0.992067150241026
-0.579310806076573
2.63747274745546
4.04914547814778
1.94629406753864
4.66462377919375
7.60431782193608
5.23890795257034
3.29585780031316
4.00539138380846
2.17363107193297
3.07518615401549
3.19158399989852
5.44860010577326
6.64546959511764
7.48195176683283
4.62104810566543
6.14159050666095
6.70534497425622
4.60999549329919
4.92604155345475
5.21014434733791
4.63725445087581
3.89797864433544
4.19322827042634
6.33915914930509
3.84292672970255
3.67392904354648
4.46434603881326
5.16244777113184
4.0740682819228
4.14541062828067
3.43421567826011
3.73359643559051
4.93066160339516
8.08721087786503
4.65660517852667
4.20115971468528
2.85425761084594
5.30436989512568
3.81780682438882
6.40139977038601
1.42998580626645
6.80236239508256
2.59440695461179
4.20536700915662
2.93357781664239
3.94981299527877
5.6290225034388
4.31600586495163
4.40619772279927
3.68172311370671
0.250046715758871
6.02970742254682
9.03266746272189
6.57134827808659
6.09537187002328
1.10505740572052
5.69869105166893
2.03494597366554
12.2942990564651
8.11811673668976
2.58379652364511
2.2335538421951
3.81195539197782
3.38390578498232
4.86378059973842
7.49599843214324
2.26900289720323
4.22102402210005
4.06063021567116
2.00660583569318
1.30884670635259
4.67157814529057
3.51236072138796
8.86804177690844
4.53242588295572
3.68477935246187
4.22290379639988
5.62611629397977
2.59976200278882
4.55471202739835
4.08481400755494
7.06084929209257
3.71070206971737
4.50199854398137
6.66686757675263
2.57973150646715
8.79752742512975
5.43107756274008
2.56723276049966
6.27240890854984
5.79253955788048
-0.411080242297883
2.72462817245108
5.2700533481737
2.83713748458648
5.64569880003608
4.9341954449978
2.19905099183963
5.31186957158983
6.7280701930329
2.10901811756532
4.30821583212551
2.53200687424301
5.11976432762552
5.22620635620254
4.06645016564144
5.62870181389747
5.71690978891766
5.17690630963969
5.74299437965332
7.61616154771106
1.69706150682037
6.60380886135646
2.25710219020107
1.40897931243705
5.24839291290773
1.56860591939612
6.23108047224015
4.87368130902081
5.5284031158645
2.23202833029859
3.54438275549484
1.68282395613191
4.98474058938575
7.79994374007687
3.47122252504414
2.61374301183964
10.2360050259829
2.49691601880786
2.73121805423871
5.40251509474107
7.85327536837229
8.4972663175949
2.73532060546494
4.96212936841727
9.07361568413315
5.39125257183473
9.90238733608228
4.99106606409706
5.82186597598383
3.10844412813454
6.01761541125582
5.67021698374075
4.6100118389678
4.62569139988907
3.13652010693236
3.08242059217302
6.3666293377024
5.80818300117119
6.22326655804676
5.3006698576771
0.716198394430965
10.8109219205716
3.82331838436641
2.73655476029704
0.495888917420728
4.20698903268994
4.41373539460562
3.82638854741443
6.60035723413975
1.2508715297348
9.66686859720707
5.34793806815934
6.18478523507686
2.65814061669643
3.93620874827687
4.24131647179142
6.99880028130377
3.94776516062652
3.63566882420705
3.084336460625
7.93275715447749
8.27453792900951
5.15949052527993
4.37345621625313
3.51643802909479
3.14091411615097
1.92721196253355
3.70722773793368
4.63208554043131
2.15996296778578
3.22644984253301
5.40648635259988
6.52982903544251
6.7059599641043
3.79808772512092
5.56331995834574
8.54634851058884
4.04407076847081
1.14637826600219
3.0748229629844
0.584815401908255
4.55136330581645
2.38703880523738
5.83626582617017
2.37104636195729
7.2103897276328
4.65790499311269
4.6502611652915
5.1684215539476
6.77142850248756
8.10619695004705
5.08241796090919
5.22023992974582
0.844270406783146
5.14939230439055
4.43787956923662
1.80187630362422
7.20647799315686
8.63332572590087
5.45103583023354
8.89174433824339
4.61773491200972
6.47401293909278
3.52969590505034
3.50556298215797
4.91409286331698
5.21771778186249
3.30511938666584
5.34373588984327
1.61262240286813
5.89208042495033
0.798118056176817
4.33933200337679
3.51173674283424
5.83831509937195
5.9228648794262
4.34178620693466
4.95275499385049
6.40017416742137
5.58424562857072
2.94589991697174
4.5727656353446
5.37542339996787
4.37021293083502
5.16413501741088
4.69273395145749
0.785134756687598
4.71830034828414
2.78885726841269
5.16277995229268
5.14444874814181
5.53937739994767
4.21637652778351
0.216450053354902
2.76746273165833
6.32042926157718
4.31305734838706
6.25094838474026
4.10258971509144
2.0079393246138
0.173334710918306
4.74774284566137
5.75180097939207
5.7096117891536
2.44292966534966
5.47434169058041
2.56929938680299
5.52406537891598
3.72542029105557
6.28365349746785
8.82583767517438
5.32595317483129
6.22317253788066
4.56843502463908
3.95162849202982
1.13954132536358
3.04515233008699
4.51060703185214
7.27753494842537
6.94480828920215
-0.185608343396087
4.92903777457567
4.30780459794276
-0.00757163916689913
6.72429940057089
3.68440578952899
2.40367446130217
5.17184372273919
4.62619384104276
3.36593037419936
4.72965578096405
5.88044002146808
4.83324483216164
5.84018762403907
5.25212959742562
5.18460103743672
6.13857573337156
3.87304564138843
2.47604115243051
1.24928547950286
4.78530909330471
5.80958454377657
3.1266495250967
2.30292086399018
5.18929770255314
3.21008187646288
4.55333616989659
2.90256892499513
6.96095477640025
5.33867080908652
6.37414310482311
2.50969319668838
9.25133239725281
7.34822714640691
3.83248452968536
1.83585088684377
3.04603605782538
4.7479630049956
5.42992077040113
4.77641645579027
-0.388448217057074
4.14146213224607
4.95863805531672
1.69286322685489
5.13500777995246
3.62748567418036
6.2174613268576
5.54244883524814
3.84836078264057
7.96493316080134
6.24252786322149
10.5600745669292
4.43711127807475
6.63941490783055
4.36578125482067
6.71160328912591
6.3242227062959
4.55250880169319
4.11921526288357
5.90409294662639
2.99562962520119
6.37213549137739
3.53308556105896
2.57772073701533
3.02271372095762
3.44124966049752
1.91162694430794
6.96484470445809
3.14579250960761
5.61707940485994
4.7931013856411
13.7627531991386
6.17223903555913
3.43559440124672
3.50160619692706
6.3813376521714
4.22570383323396
3.60092828726581
3.36278846121245
3.11011115501753
5.42235653019013
2.62026673643186
-1.21385434231093
4.94751432297986
3.93832483551746
3.61777480089039
0.650610744133776
3.85230364649235
3.37934947326512
5.42318124537596
1.34784955380665
4.76768827968006
7.08406877325428
1.6697621449237
1.71812150964106
4.49049284419252
7.07258430406997
7.10299703434159
4.69539112711827
4.88782709609483
1.93215923338844
4.53857039507647
7.68685913418551
2.17000454334918
1.64616648303064
1.59204189836046
4.66684897739889
4.2243384163798
5.37008686379357
4.53011320198799
1.37307079711211
3.66585769558108
7.5509197489642
2.50283792692882
5.80710224337565
6.10752114402172
6.24251173617241
8.57764044193047
4.26064879245123
4.27857738670596
-1.71273981310446
6.54058174630566
8.23850049266373
6.49675054129893
2.82244382226252
5.27668942892846
10.5067465176893
2.08132318042642
6.30263816017303
3.92272156521142
6.5366556024864
5.4455237334197
5.91255871185641
6.48730058900336
5.62942931753246
5.72924804343011
4.33773406400358
1.95434739322734
3.38945008220899
7.37697823263334
4.2884266311514
1.88101790892545
4.0473988479196
4.58873588668767
6.05678916377195
5.0952789571335
1.68241132422758
7.63325725858467
7.11391229355291
8.24346985043816
4.96270768348561
5.32853991465886
4.0506138312831
5.71045094846569
2.59727714210196
13.5816460701368
6.34586120540104
7.41237311191289
5.28016419912661
4.82302561152713
2.09891635944197
6.67039089134914
4.59067217616105
2.08924833892496
5.47110498634876
4.94135014863498
11.8170092825127
6.20195902544102
2.31017507169067
7.11676211106415
1.27767632285262
5.68994026793054
4.61301418394819
4.74524348183915
2.67518812594152
3.65582458228501
3.98485126453097
3.2154427356859
2.94920984467983
5.08566202459674
3.46352339575959
4.96516159774667
6.31180046275495
4.59464891087383
2.22820927739288
4.83450621418547
2.69374107136079
5.20429756656631
4.18584653383953
5.55673802304265
6.0854727610368
3.60572097753121
5.93614089144194
2.18383349517805
4.5918496714298
6.22378889210094
2.11697597894079
3.37419788094741
2.80953608548211
4.83565304728748
1.95623354311044
9.04360621775714
7.08921687325471
3.43984208386389
4.55673755919123
4.78812403170787
2.86159841734607
1.16823385263727
5.11895114594526
5.26620228452671
0.844216918730009
2.58226892502014
5.35666407035891
3.27867772642429
3.81406515747852
6.6538275821909
5.17486383990705
6.41467100588979
3.16797475034891
6.95335044146419
1.18922743711261
7.78136683855581
7.29313563256293
4.0483406982779
4.14335233939416
6.77528777972654
2.46024762540054
6.50315450610418
2.64843739907555
1.21803635609592
7.19512717224656
7.13054412810553
5.78608144890538
4.8376834227118
5.26317554658467
9.14419975898646
3.58018141479209
4.270470647297
7.70800113652807
1.64067912625852
6.59512639251787
8.69733822334254
4.77134445680001
4.07301947185315
6.24130116132252
1.49660365307137
1.55945191908445
2.85919689719346
8.10972887668168
6.38011442677671
1.99181221480364
6.56499460089986
3.90979200246278
4.7048279253563
5.81444370096964
5.20602991629216
0.48762469245816
4.94019772484376
4.01575679014268
8.25142780065606
2.79562987851505
3.72339298091206
7.09624653328231
4.98948042525514
6.44847600092363
-1.80289141821484
5.22324325948978
2.51399319529134
2.46252179191924
1.36753869380183
4.76448132784874
7.91109013923757
6.6653530722153
2.56362017708159
3.07008778086949
5.98120636726875
4.63342602062187
3.55795898038452
7.77673669401536
3.01705035878613
1.06443628521895
4.54124797786258
4.47109916438426
2.89289815588954
4.42143116551592
2.992054031452
4.43929030091558
8.99628799051973
4.70544466949007
3.79957401296215
4.19929118471624
5.4927320888125
6.57856290229561
2.95966088690029
4.89659134386528
6.52283995341075
4.69651344028422
5.15666060756589
4.18859071162486
5.06133376494757
3.16575692844115
5.88791303304676
3.87734657141926
4.2044617238092
7.97782502758694
2.82400581413971
2.68876045864233
2.56452701172594
7.55356632571186
4.61074436200313
3.44487039283925
2.77259626140396
8.57446797019731
4.76291586804225
4.10428281299667
6.06206105151555
10.3171884334968
6.91000416029054
1.37317292748825
2.96283376650288
3.57346044157923
8.26653307502963
3.25955677457816
4.06403458604648
2.29775283650233
2.77932530036866
3.9401902371788
6.28950254131114
4.72162357658619
3.92976800772011
4.1322138015157
6.24803093090328
6.71131170580239
3.34537644676967
3.167612914775
4.68835770937888
4.03482903385028
2.73711230914774
7.24435761506717
10.6609217524688
2.62482440250899
6.00383795378838
6.41083858007516
0.790235129015609
4.58893934904613
-0.861644069207401
4.63295076920102
7.74069471139661
4.35657612152615
3.0856848140943
3.60756373150589
4.45137958311879
2.26417104825974
4.87197413277635
1.63084289729454
-0.924231592579654
5.61792220927988
4.59445168342347
2.13771778049591
1.40318767595071
1.71230946609198
4.84198283433498
7.56059709785279
4.65491324403056
1.7212512338673
6.75994782537854
3.72016393171469
3.91480062350829
6.36351155616895
8.79504524271744
5.02324546072495
6.17092113644335
4.84575742145617
4.37777486165913
5.83046207284591
5.52223051123156
3.42796019806258
5.87697623141731
4.89328207177413
6.39108895980604
5.61526159585541
3.75300303306642
7.50583275068328
1.41862406920888
3.63618684122016
2.91993558509488
5.78212461497781
3.62893932639554
4.12783167740863
1.9046539687109
6.61385301323793
11.2185901872916
6.17784510243465
1.84459634199001
6.69626851552157
5.10913870525756
7.05074504254522
4.72158773529358
6.48223074595308
2.18078728451413
4.93972620393172
0.416705217148106
5.07435495841892
2.39062390678331
7.84856375277466
5.00327938344438
8.25670535858422
8.57614663277216
5.1388478939938
2.33828933981762
4.18232261464928
2.00608360852795
5.94528002620488
6.21476613711176
3.96643443524871
5.13714258207936
6.49433678213301
7.3189943303767
8.73084434786761
2.6078701836182
5.72100483205571
2.56150207272671
3.67409497733884
4.0944012190021
7.91414203040463
5.18294405161401
3.56624753214451
3.32279304900444
2.96884915430763
7.59668440878327
6.9101866868604
2.69172474558583
4.39422855313065
4.15023296631424
6.71119202174293
5.27262385329817
5.27107248740306
3.74777179992766
5.26259277362719
5.59293857785002
4.76160311879491
6.54232265370991
8.0319549467766
3.75042645543701
4.11465554439864
4.33807219845844
5.40435659131618
4.78893252306982
2.77136252061708
5.71035022403438
5.82925379623008
6.36235390891635
